0 0 0 0 0 0 0 0 0 0 0 0 0 0 0 0 0 0 0 0 0 0 0 0 0 0 0 0 0 0 0 0 0 0 0 0 0 0 0 0 0 0 0 0 0 0 0 0 0 0 0 0 0 0 0 0 0 0 0 0 0 0 0 0 0 0 0 0 0 0 0 0 0 0 0 0 0 0 0 0 0 0 0 0 0 0 0 0 0 0 0 0 0 0 0 0 0 0 0 0 0 0 0 0 0 0 0 0 0 0 0 0 0 0 0 0 0 0 0 0 0 0 0 0 0 0 0 0 0 0 0 0 0 0 0 0 0 0 0 0 0 0 0 0 0 0 0 0 0 0 0 0 0 0 0 0 0 0 0 0 0 0 0 0 0 0 0 0 0 0 0 0 0 0 0 0 0 0 0 0 0 0 0 0 0 0 0 0 0 0 0 0 0 0 0 0 0 0 0 0 0 0 0 0 0 0 0 0 0 0 0 0 0 0 0 0 0 0 0 0 0 0 0 0 0 0 0 0 0 0 0 0 0 0 0 0 0 0 0 0 0 0 0 0 0 0 0 0 0 0 0 0 0 0 0 0 0 0 0 0 0 0 0 0 0 0 0 0 0 0 0 0 0 0 0 0 0 0 0 0 0 0 0 0 0 0 0 0 0 0 0 0 0 0 0 0 0 0 0 0 0 0 0 0 0 0 0 0 0 0 0 0 0
0 1 2 3 4 5 6 7 8 9 10 11 12 13 14 15 16 17 18 19 20 21 22 23 24 25 26 27 28 29 30 31 32 33 34 35 36 37 38 39 40 41 42 43 44 45 46 47 48 49 50 51 52 53 54 55 56 57 58 59 60 61 62 63 64 65 66 67 68 69 70 71 72 73 74 75 76 77 78 79 80 81 82 83 84 85 86 87 88 89 90 91 92 93 94 95 96 97 98 99 100 101 102 103 104 105 106 107 108 109 110 111 112 113 114 115 116 117 118 119 120 121 122 123 124 125 126 127 128 129 130 131 132 133 134 135 136 137 138 139 140 141 142 143 144 145 146 147 148 149 150 151 152 153 154 155 156 157 158 159 160 161 162 163 164 165 166 167 168 169 170 171 172 173 174 175 176 177 178 179 180 181 182 183 184 185 186 187 188 189 190 191 192 193 194 195 196 197 198 199 200 201 202 203 204 205 206 207 208 209 210 211 212 213 214 215 216 217 218 219 220 221 222 223 224 225 226 227 228 229 230 231 232 233 234 235 236 237 238 239 240 241 242 243 244 245 246 247 248 249 250 251 252 253 254 255 256 257 258 259 260 261 262 263 264 265 266 267 268 269 270 271 272 273 274 275 276 277 278 279 280 281 282 283 284 285 286 287 288 289 290 291 292 293 294 295 296 297 298 299 300 301 302 303 304 305 306 307 308 309 310 311 312
0 2 4 6 8 10 12 14 16 18 20 22 24 26 28 30 32 34 36 38 40 42 44 46 48 50 52 54 56 58 60 62 64 66 68 70 72 74 76 78 80 82 84 86 88 90 92 94 96 98 100 102 104 106 108 110 112 114 116 118 120 122 124 126 128 130 132 134 136 138 140 142 144 146 148 150 152 154 156 158 160 162 164 166 168 170 172 174 176 178 180 182 184 186 188 190 192 194 196 198 200 202 204 206 208 210 212 214 216 218 220 222 224 226 228 230 232 234 236 238 240 242 244 246 248 250 252 254 256 258 260 262 264 266 268 270 272 274 276 278 280 282 284 286 288 290 292 294 296 298 300 302 304 306 308 310 312 1 3 5 7 9 11 13 15 17 19 21 23 25 27 29 31 33 35 37 39 41 43 45 47 49 51 53 55 57 59 61 63 65 67 69 71 73 75 77 79 81 83 85 87 89 91 93 95 97 99 101 103 105 107 109 111 113 115 117 119 121 123 125 127 129 131 133 135 137 139 141 143 145 147 149 151 153 155 157 159 161 163 165 167 169 171 173 175 177 179 181 183 185 187 189 191 193 195 197 199 201 203 205 207 209 211 213 215 217 219 221 223 225 227 229 231 233 235 237 239 241 243 245 247 249 251 253 255 257 259 261 263 265 267 269 271 273 275 277 279 281 283 285 287 289 291 293 295 297 299 301 303 305 307 309 311
0 3 6 9 12 15 18 21 24 27 30 33 36 39 42 45 48 51 54 57 60 63 66 69 72 75 78 81 84 87 90 93 96 99 102 105 108 111 114 117 120 123 126 129 132 135 138 141 144 147 150 153 156 159 162 165 168 171 174 177 180 183 186 189 192 195 198 201 204 207 210 213 216 219 222 225 228 231 234 237 240 243 246 249 252 255 258 261 264 267 270 273 276 279 282 285 288 291 294 297 300 303 306 309 312 2 5 8 11 14 17 20 23 26 29 32 35 38 41 44 47 50 53 56 59 62 65 68 71 74 77 80 83 86 89 92 95 98 101 104 107 110 113 116 119 122 125 128 131 134 137 140 143 146 149 152 155 158 161 164 167 170 173 176 179 182 185 188 191 194 197 200 203 206 209 212 215 218 221 224 227 230 233 236 239 242 245 248 251 254 257 260 263 266 269 272 275 278 281 284 287 290 293 296 299 302 305 308 311 1 4 7 10 13 16 19 22 25 28 31 34 37 40 43 46 49 52 55 58 61 64 67 70 73 76 79 82 85 88 91 94 97 100 103 106 109 112 115 118 121 124 127 130 133 136 139 142 145 148 151 154 157 160 163 166 169 172 175 178 181 184 187 190 193 196 199 202 205 208 211 214 217 220 223 226 229 232 235 238 241 244 247 250 253 256 259 262 265 268 271 274 277 280 283 286 289 292 295 298 301 304 307 310
0 4 8 12 16 20 24 28 32 36 40 44 48 52 56 60 64 68 72 76 80 84 88 92 96 100 104 108 112 116 120 124 128 132 136 140 144 148 152 156 160 164 168 172 176 180 184 188 192 196 200 204 208 212 216 220 224 228 232 236 240 244 248 252 256 260 264 268 272 276 280 284 288 292 296 300 304 308 312 3 7 11 15 19 23 27 31 35 39 43 47 51 55 59 63 67 71 75 79 83 87 91 95 99 103 107 111 115 119 123 127 131 135 139 143 147 151 155 159 163 167 171 175 179 183 187 191 195 199 203 207 211 215 219 223 227 231 235 239 243 247 251 255 259 263 267 271 275 279 283 287 291 295 299 303 307 311 2 6 10 14 18 22 26 30 34 38 42 46 50 54 58 62 66 70 74 78 82 86 90 94 98 102 106 110 114 118 122 126 130 134 138 142 146 150 154 158 162 166 170 174 178 182 186 190 194 198 202 206 210 214 218 222 226 230 234 238 242 246 250 254 258 262 266 270 274 278 282 286 290 294 298 302 306 310 1 5 9 13 17 21 25 29 33 37 41 45 49 53 57 61 65 69 73 77 81 85 89 93 97 101 105 109 113 117 121 125 129 133 137 141 145 149 153 157 161 165 169 173 177 181 185 189 193 197 201 205 209 213 217 221 225 229 233 237 241 245 249 253 257 261 265 269 273 277 281 285 289 293 297 301 305 309
0 5 10 15 20 25 30 35 40 45 50 55 60 65 70 75 80 85 90 95 100 105 110 115 120 125 130 135 140 145 150 155 160 165 170 175 180 185 190 195 200 205 210 215 220 225 230 235 240 245 250 255 260 265 270 275 280 285 290 295 300 305 310 2 7 12 17 22 27 32 37 42 47 52 57 62 67 72 77 82 87 92 97 102 107 112 117 122 127 132 137 142 147 152 157 162 167 172 177 182 187 192 197 202 207 212 217 222 227 232 237 242 247 252 257 262 267 272 277 282 287 292 297 302 307 312 4 9 14 19 24 29 34 39 44 49 54 59 64 69 74 79 84 89 94 99 104 109 114 119 124 129 134 139 144 149 154 159 164 169 174 179 184 189 194 199 204 209 214 219 224 229 234 239 244 249 254 259 264 269 274 279 284 289 294 299 304 309 1 6 11 16 21 26 31 36 41 46 51 56 61 66 71 76 81 86 91 96 101 106 111 116 121 126 131 136 141 146 151 156 161 166 171 176 181 186 191 196 201 206 211 216 221 226 231 236 241 246 251 256 261 266 271 276 281 286 291 296 301 306 311 3 8 13 18 23 28 33 38 43 48 53 58 63 68 73 78 83 88 93 98 103 108 113 118 123 128 133 138 143 148 153 158 163 168 173 178 183 188 193 198 203 208 213 218 223 228 233 238 243 248 253 258 263 268 273 278 283 288 293 298 303 308
0 6 12 18 24 30 36 42 48 54 60 66 72 78 84 90 96 102 108 114 120 126 132 138 144 150 156 162 168 174 180 186 192 198 204 210 216 222 228 234 240 246 252 258 264 270 276 282 288 294 300 306 312 5 11 17 23 29 35 41 47 53 59 65 71 77 83 89 95 101 107 113 119 125 131 137 143 149 155 161 167 173 179 185 191 197 203 209 215 221 227 233 239 245 251 257 263 269 275 281 287 293 299 305 311 4 10 16 22 28 34 40 46 52 58 64 70 76 82 88 94 100 106 112 118 124 130 136 142 148 154 160 166 172 178 184 190 196 202 208 214 220 226 232 238 244 250 256 262 268 274 280 286 292 298 304 310 3 9 15 21 27 33 39 45 51 57 63 69 75 81 87 93 99 105 111 117 123 129 135 141 147 153 159 165 171 177 183 189 195 201 207 213 219 225 231 237 243 249 255 261 267 273 279 285 291 297 303 309 2 8 14 20 26 32 38 44 50 56 62 68 74 80 86 92 98 104 110 116 122 128 134 140 146 152 158 164 170 176 182 188 194 200 206 212 218 224 230 236 242 248 254 260 266 272 278 284 290 296 302 308 1 7 13 19 25 31 37 43 49 55 61 67 73 79 85 91 97 103 109 115 121 127 133 139 145 151 157 163 169 175 181 187 193 199 205 211 217 223 229 235 241 247 253 259 265 271 277 283 289 295 301 307
0 7 14 21 28 35 42 49 56 63 70 77 84 91 98 105 112 119 126 133 140 147 154 161 168 175 182 189 196 203 210 217 224 231 238 245 252 259 266 273 280 287 294 301 308 2 9 16 23 30 37 44 51 58 65 72 79 86 93 100 107 114 121 128 135 142 149 156 163 170 177 184 191 198 205 212 219 226 233 240 247 254 261 268 275 282 289 296 303 310 4 11 18 25 32 39 46 53 60 67 74 81 88 95 102 109 116 123 130 137 144 151 158 165 172 179 186 193 200 207 214 221 228 235 242 249 256 263 270 277 284 291 298 305 312 6 13 20 27 34 41 48 55 62 69 76 83 90 97 104 111 118 125 132 139 146 153 160 167 174 181 188 195 202 209 216 223 230 237 244 251 258 265 272 279 286 293 300 307 1 8 15 22 29 36 43 50 57 64 71 78 85 92 99 106 113 120 127 134 141 148 155 162 169 176 183 190 197 204 211 218 225 232 239 246 253 260 267 274 281 288 295 302 309 3 10 17 24 31 38 45 52 59 66 73 80 87 94 101 108 115 122 129 136 143 150 157 164 171 178 185 192 199 206 213 220 227 234 241 248 255 262 269 276 283 290 297 304 311 5 12 19 26 33 40 47 54 61 68 75 82 89 96 103 110 117 124 131 138 145 152 159 166 173 180 187 194 201 208 215 222 229 236 243 250 257 264 271 278 285 292 299 306
0 8 16 24 32 40 48 56 64 72 80 88 96 104 112 120 128 136 144 152 160 168 176 184 192 200 208 216 224 232 240 248 256 264 272 280 288 296 304 312 7 15 23 31 39 47 55 63 71 79 87 95 103 111 119 127 135 143 151 159 167 175 183 191 199 207 215 223 231 239 247 255 263 271 279 287 295 303 311 6 14 22 30 38 46 54 62 70 78 86 94 102 110 118 126 134 142 150 158 166 174 182 190 198 206 214 222 230 238 246 254 262 270 278 286 294 302 310 5 13 21 29 37 45 53 61 69 77 85 93 101 109 117 125 133 141 149 157 165 173 181 189 197 205 213 221 229 237 245 253 261 269 277 285 293 301 309 4 12 20 28 36 44 52 60 68 76 84 92 100 108 116 124 132 140 148 156 164 172 180 188 196 204 212 220 228 236 244 252 260 268 276 284 292 300 308 3 11 19 27 35 43 51 59 67 75 83 91 99 107 115 123 131 139 147 155 163 171 179 187 195 203 211 219 227 235 243 251 259 267 275 283 291 299 307 2 10 18 26 34 42 50 58 66 74 82 90 98 106 114 122 130 138 146 154 162 170 178 186 194 202 210 218 226 234 242 250 258 266 274 282 290 298 306 1 9 17 25 33 41 49 57 65 73 81 89 97 105 113 121 129 137 145 153 161 169 177 185 193 201 209 217 225 233 241 249 257 265 273 281 289 297 305
0 9 18 27 36 45 54 63 72 81 90 99 108 117 126 135 144 153 162 171 180 189 198 207 216 225 234 243 252 261 270 279 288 297 306 2 11 20 29 38 47 56 65 74 83 92 101 110 119 128 137 146 155 164 173 182 191 200 209 218 227 236 245 254 263 272 281 290 299 308 4 13 22 31 40 49 58 67 76 85 94 103 112 121 130 139 148 157 166 175 184 193 202 211 220 229 238 247 256 265 274 283 292 301 310 6 15 24 33 42 51 60 69 78 87 96 105 114 123 132 141 150 159 168 177 186 195 204 213 222 231 240 249 258 267 276 285 294 303 312 8 17 26 35 44 53 62 71 80 89 98 107 116 125 134 143 152 161 170 179 188 197 206 215 224 233 242 251 260 269 278 287 296 305 1 10 19 28 37 46 55 64 73 82 91 100 109 118 127 136 145 154 163 172 181 190 199 208 217 226 235 244 253 262 271 280 289 298 307 3 12 21 30 39 48 57 66 75 84 93 102 111 120 129 138 147 156 165 174 183 192 201 210 219 228 237 246 255 264 273 282 291 300 309 5 14 23 32 41 50 59 68 77 86 95 104 113 122 131 140 149 158 167 176 185 194 203 212 221 230 239 248 257 266 275 284 293 302 311 7 16 25 34 43 52 61 70 79 88 97 106 115 124 133 142 151 160 169 178 187 196 205 214 223 232 241 250 259 268 277 286 295 304
0 10 20 30 40 50 60 70 80 90 100 110 120 130 140 150 160 170 180 190 200 210 220 230 240 250 260 270 280 290 300 310 7 17 27 37 47 57 67 77 87 97 107 117 127 137 147 157 167 177 187 197 207 217 227 237 247 257 267 277 287 297 307 4 14 24 34 44 54 64 74 84 94 104 114 124 134 144 154 164 174 184 194 204 214 224 234 244 254 264 274 284 294 304 1 11 21 31 41 51 61 71 81 91 101 111 121 131 141 151 161 171 181 191 201 211 221 231 241 251 261 271 281 291 301 311 8 18 28 38 48 58 68 78 88 98 108 118 128 138 148 158 168 178 188 198 208 218 228 238 248 258 268 278 288 298 308 5 15 25 35 45 55 65 75 85 95 105 115 125 135 145 155 165 175 185 195 205 215 225 235 245 255 265 275 285 295 305 2 12 22 32 42 52 62 72 82 92 102 112 122 132 142 152 162 172 182 192 202 212 222 232 242 252 262 272 282 292 302 312 9 19 29 39 49 59 69 79 89 99 109 119 129 139 149 159 169 179 189 199 209 219 229 239 249 259 269 279 289 299 309 6 16 26 36 46 56 66 76 86 96 106 116 126 136 146 156 166 176 186 196 206 216 226 236 246 256 266 276 286 296 306 3 13 23 33 43 53 63 73 83 93 103 113 123 133 143 153 163 173 183 193 203 213 223 233 243 253 263 273 283 293 303
0 11 22 33 44 55 66 77 88 99 110 121 132 143 154 165 176 187 198 209 220 231 242 253 264 275 286 297 308 6 17 28 39 50 61 72 83 94 105 116 127 138 149 160 171 182 193 204 215 226 237 248 259 270 281 292 303 1 12 23 34 45 56 67 78 89 100 111 122 133 144 155 166 177 188 199 210 221 232 243 254 265 276 287 298 309 7 18 29 40 51 62 73 84 95 106 117 128 139 150 161 172 183 194 205 216 227 238 249 260 271 282 293 304 2 13 24 35 46 57 68 79 90 101 112 123 134 145 156 167 178 189 200 211 222 233 244 255 266 277 288 299 310 8 19 30 41 52 63 74 85 96 107 118 129 140 151 162 173 184 195 206 217 228 239 250 261 272 283 294 305 3 14 25 36 47 58 69 80 91 102 113 124 135 146 157 168 179 190 201 212 223 234 245 256 267 278 289 300 311 9 20 31 42 53 64 75 86 97 108 119 130 141 152 163 174 185 196 207 218 229 240 251 262 273 284 295 306 4 15 26 37 48 59 70 81 92 103 114 125 136 147 158 169 180 191 202 213 224 235 246 257 268 279 290 301 312 10 21 32 43 54 65 76 87 98 109 120 131 142 153 164 175 186 197 208 219 230 241 252 263 274 285 296 307 5 16 27 38 49 60 71 82 93 104 115 126 137 148 159 170 181 192 203 214 225 236 247 258 269 280 291 302
0 12 24 36 48 60 72 84 96 108 120 132 144 156 168 180 192 204 216 228 240 252 264 276 288 300 312 11 23 35 47 59 71 83 95 107 119 131 143 155 167 179 191 203 215 227 239 251 263 275 287 299 311 10 22 34 46 58 70 82 94 106 118 130 142 154 166 178 190 202 214 226 238 250 262 274 286 298 310 9 21 33 45 57 69 81 93 105 117 129 141 153 165 177 189 201 213 225 237 249 261 273 285 297 309 8 20 32 44 56 68 80 92 104 116 128 140 152 164 176 188 200 212 224 236 248 260 272 284 296 308 7 19 31 43 55 67 79 91 103 115 127 139 151 163 175 187 199 211 223 235 247 259 271 283 295 307 6 18 30 42 54 66 78 90 102 114 126 138 150 162 174 186 198 210 222 234 246 258 270 282 294 306 5 17 29 41 53 65 77 89 101 113 125 137 149 161 173 185 197 209 221 233 245 257 269 281 293 305 4 16 28 40 52 64 76 88 100 112 124 136 148 160 172 184 196 208 220 232 244 256 268 280 292 304 3 15 27 39 51 63 75 87 99 111 123 135 147 159 171 183 195 207 219 231 243 255 267 279 291 303 2 14 26 38 50 62 74 86 98 110 122 134 146 158 170 182 194 206 218 230 242 254 266 278 290 302 1 13 25 37 49 61 73 85 97 109 121 133 145 157 169 181 193 205 217 229 241 253 265 277 289 301
0 13 26 39 52 65 78 91 104 117 130 143 156 169 182 195 208 221 234 247 260 273 286 299 312 12 25 38 51 64 77 90 103 116 129 142 155 168 181 194 207 220 233 246 259 272 285 298 311 11 24 37 50 63 76 89 102 115 128 141 154 167 180 193 206 219 232 245 258 271 284 297 310 10 23 36 49 62 75 88 101 114 127 140 153 166 179 192 205 218 231 244 257 270 283 296 309 9 22 35 48 61 74 87 100 113 126 139 152 165 178 191 204 217 230 243 256 269 282 295 308 8 21 34 47 60 73 86 99 112 125 138 151 164 177 190 203 216 229 242 255 268 281 294 307 7 20 33 46 59 72 85 98 111 124 137 150 163 176 189 202 215 228 241 254 267 280 293 306 6 19 32 45 58 71 84 97 110 123 136 149 162 175 188 201 214 227 240 253 266 279 292 305 5 18 31 44 57 70 83 96 109 122 135 148 161 174 187 200 213 226 239 252 265 278 291 304 4 17 30 43 56 69 82 95 108 121 134 147 160 173 186 199 212 225 238 251 264 277 290 303 3 16 29 42 55 68 81 94 107 120 133 146 159 172 185 198 211 224 237 250 263 276 289 302 2 15 28 41 54 67 80 93 106 119 132 145 158 171 184 197 210 223 236 249 262 275 288 301 1 14 27 40 53 66 79 92 105 118 131 144 157 170 183 196 209 222 235 248 261 274 287 300
0 14 28 42 56 70 84 98 112 126 140 154 168 182 196 210 224 238 252 266 280 294 308 9 23 37 51 65 79 93 107 121 135 149 163 177 191 205 219 233 247 261 275 289 303 4 18 32 46 60 74 88 102 116 130 144 158 172 186 200 214 228 242 256 270 284 298 312 13 27 41 55 69 83 97 111 125 139 153 167 181 195 209 223 237 251 265 279 293 307 8 22 36 50 64 78 92 106 120 134 148 162 176 190 204 218 232 246 260 274 288 302 3 17 31 45 59 73 87 101 115 129 143 157 171 185 199 213 227 241 255 269 283 297 311 12 26 40 54 68 82 96 110 124 138 152 166 180 194 208 222 236 250 264 278 292 306 7 21 35 49 63 77 91 105 119 133 147 161 175 189 203 217 231 245 259 273 287 301 2 16 30 44 58 72 86 100 114 128 142 156 170 184 198 212 226 240 254 268 282 296 310 11 25 39 53 67 81 95 109 123 137 151 165 179 193 207 221 235 249 263 277 291 305 6 20 34 48 62 76 90 104 118 132 146 160 174 188 202 216 230 244 258 272 286 300 1 15 29 43 57 71 85 99 113 127 141 155 169 183 197 211 225 239 253 267 281 295 309 10 24 38 52 66 80 94 108 122 136 150 164 178 192 206 220 234 248 262 276 290 304 5 19 33 47 61 75 89 103 117 131 145 159 173 187 201 215 229 243 257 271 285 299
0 15 30 45 60 75 90 105 120 135 150 165 180 195 210 225 240 255 270 285 300 2 17 32 47 62 77 92 107 122 137 152 167 182 197 212 227 242 257 272 287 302 4 19 34 49 64 79 94 109 124 139 154 169 184 199 214 229 244 259 274 289 304 6 21 36 51 66 81 96 111 126 141 156 171 186 201 216 231 246 261 276 291 306 8 23 38 53 68 83 98 113 128 143 158 173 188 203 218 233 248 263 278 293 308 10 25 40 55 70 85 100 115 130 145 160 175 190 205 220 235 250 265 280 295 310 12 27 42 57 72 87 102 117 132 147 162 177 192 207 222 237 252 267 282 297 312 14 29 44 59 74 89 104 119 134 149 164 179 194 209 224 239 254 269 284 299 1 16 31 46 61 76 91 106 121 136 151 166 181 196 211 226 241 256 271 286 301 3 18 33 48 63 78 93 108 123 138 153 168 183 198 213 228 243 258 273 288 303 5 20 35 50 65 80 95 110 125 140 155 170 185 200 215 230 245 260 275 290 305 7 22 37 52 67 82 97 112 127 142 157 172 187 202 217 232 247 262 277 292 307 9 24 39 54 69 84 99 114 129 144 159 174 189 204 219 234 249 264 279 294 309 11 26 41 56 71 86 101 116 131 146 161 176 191 206 221 236 251 266 281 296 311 13 28 43 58 73 88 103 118 133 148 163 178 193 208 223 238 253 268 283 298
0 16 32 48 64 80 96 112 128 144 160 176 192 208 224 240 256 272 288 304 7 23 39 55 71 87 103 119 135 151 167 183 199 215 231 247 263 279 295 311 14 30 46 62 78 94 110 126 142 158 174 190 206 222 238 254 270 286 302 5 21 37 53 69 85 101 117 133 149 165 181 197 213 229 245 261 277 293 309 12 28 44 60 76 92 108 124 140 156 172 188 204 220 236 252 268 284 300 3 19 35 51 67 83 99 115 131 147 163 179 195 211 227 243 259 275 291 307 10 26 42 58 74 90 106 122 138 154 170 186 202 218 234 250 266 282 298 1 17 33 49 65 81 97 113 129 145 161 177 193 209 225 241 257 273 289 305 8 24 40 56 72 88 104 120 136 152 168 184 200 216 232 248 264 280 296 312 15 31 47 63 79 95 111 127 143 159 175 191 207 223 239 255 271 287 303 6 22 38 54 70 86 102 118 134 150 166 182 198 214 230 246 262 278 294 310 13 29 45 61 77 93 109 125 141 157 173 189 205 221 237 253 269 285 301 4 20 36 52 68 84 100 116 132 148 164 180 196 212 228 244 260 276 292 308 11 27 43 59 75 91 107 123 139 155 171 187 203 219 235 251 267 283 299 2 18 34 50 66 82 98 114 130 146 162 178 194 210 226 242 258 274 290 306 9 25 41 57 73 89 105 121 137 153 169 185 201 217 233 249 265 281 297
0 17 34 51 68 85 102 119 136 153 170 187 204 221 238 255 272 289 306 10 27 44 61 78 95 112 129 146 163 180 197 214 231 248 265 282 299 3 20 37 54 71 88 105 122 139 156 173 190 207 224 241 258 275 292 309 13 30 47 64 81 98 115 132 149 166 183 200 217 234 251 268 285 302 6 23 40 57 74 91 108 125 142 159 176 193 210 227 244 261 278 295 312 16 33 50 67 84 101 118 135 152 169 186 203 220 237 254 271 288 305 9 26 43 60 77 94 111 128 145 162 179 196 213 230 247 264 281 298 2 19 36 53 70 87 104 121 138 155 172 189 206 223 240 257 274 291 308 12 29 46 63 80 97 114 131 148 165 182 199 216 233 250 267 284 301 5 22 39 56 73 90 107 124 141 158 175 192 209 226 243 260 277 294 311 15 32 49 66 83 100 117 134 151 168 185 202 219 236 253 270 287 304 8 25 42 59 76 93 110 127 144 161 178 195 212 229 246 263 280 297 1 18 35 52 69 86 103 120 137 154 171 188 205 222 239 256 273 290 307 11 28 45 62 79 96 113 130 147 164 181 198 215 232 249 266 283 300 4 21 38 55 72 89 106 123 140 157 174 191 208 225 242 259 276 293 310 14 31 48 65 82 99 116 133 150 167 184 201 218 235 252 269 286 303 7 24 41 58 75 92 109 126 143 160 177 194 211 228 245 262 279 296
0 18 36 54 72 90 108 126 144 162 180 198 216 234 252 270 288 306 11 29 47 65 83 101 119 137 155 173 191 209 227 245 263 281 299 4 22 40 58 76 94 112 130 148 166 184 202 220 238 256 274 292 310 15 33 51 69 87 105 123 141 159 177 195 213 231 249 267 285 303 8 26 44 62 80 98 116 134 152 170 188 206 224 242 260 278 296 1 19 37 55 73 91 109 127 145 163 181 199 217 235 253 271 289 307 12 30 48 66 84 102 120 138 156 174 192 210 228 246 264 282 300 5 23 41 59 77 95 113 131 149 167 185 203 221 239 257 275 293 311 16 34 52 70 88 106 124 142 160 178 196 214 232 250 268 286 304 9 27 45 63 81 99 117 135 153 171 189 207 225 243 261 279 297 2 20 38 56 74 92 110 128 146 164 182 200 218 236 254 272 290 308 13 31 49 67 85 103 121 139 157 175 193 211 229 247 265 283 301 6 24 42 60 78 96 114 132 150 168 186 204 222 240 258 276 294 312 17 35 53 71 89 107 125 143 161 179 197 215 233 251 269 287 305 10 28 46 64 82 100 118 136 154 172 190 208 226 244 262 280 298 3 21 39 57 75 93 111 129 147 165 183 201 219 237 255 273 291 309 14 32 50 68 86 104 122 140 158 176 194 212 230 248 266 284 302 7 25 43 61 79 97 115 133 151 169 187 205 223 241 259 277 295
0 19 38 57 76 95 114 133 152 171 190 209 228 247 266 285 304 10 29 48 67 86 105 124 143 162 181 200 219 238 257 276 295 1 20 39 58 77 96 115 134 153 172 191 210 229 248 267 286 305 11 30 49 68 87 106 125 144 163 182 201 220 239 258 277 296 2 21 40 59 78 97 116 135 154 173 192 211 230 249 268 287 306 12 31 50 69 88 107 126 145 164 183 202 221 240 259 278 297 3 22 41 60 79 98 117 136 155 174 193 212 231 250 269 288 307 13 32 51 70 89 108 127 146 165 184 203 222 241 260 279 298 4 23 42 61 80 99 118 137 156 175 194 213 232 251 270 289 308 14 33 52 71 90 109 128 147 166 185 204 223 242 261 280 299 5 24 43 62 81 100 119 138 157 176 195 214 233 252 271 290 309 15 34 53 72 91 110 129 148 167 186 205 224 243 262 281 300 6 25 44 63 82 101 120 139 158 177 196 215 234 253 272 291 310 16 35 54 73 92 111 130 149 168 187 206 225 244 263 282 301 7 26 45 64 83 102 121 140 159 178 197 216 235 254 273 292 311 17 36 55 74 93 112 131 150 169 188 207 226 245 264 283 302 8 27 46 65 84 103 122 141 160 179 198 217 236 255 274 293 312 18 37 56 75 94 113 132 151 170 189 208 227 246 265 284 303 9 28 47 66 85 104 123 142 161 180 199 218 237 256 275 294
0 20 40 60 80 100 120 140 160 180 200 220 240 260 280 300 7 27 47 67 87 107 127 147 167 187 207 227 247 267 287 307 14 34 54 74 94 114 134 154 174 194 214 234 254 274 294 1 21 41 61 81 101 121 141 161 181 201 221 241 261 281 301 8 28 48 68 88 108 128 148 168 188 208 228 248 268 288 308 15 35 55 75 95 115 135 155 175 195 215 235 255 275 295 2 22 42 62 82 102 122 142 162 182 202 222 242 262 282 302 9 29 49 69 89 109 129 149 169 189 209 229 249 269 289 309 16 36 56 76 96 116 136 156 176 196 216 236 256 276 296 3 23 43 63 83 103 123 143 163 183 203 223 243 263 283 303 10 30 50 70 90 110 130 150 170 190 210 230 250 270 290 310 17 37 57 77 97 117 137 157 177 197 217 237 257 277 297 4 24 44 64 84 104 124 144 164 184 204 224 244 264 284 304 11 31 51 71 91 111 131 151 171 191 211 231 251 271 291 311 18 38 58 78 98 118 138 158 178 198 218 238 258 278 298 5 25 45 65 85 105 125 145 165 185 205 225 245 265 285 305 12 32 52 72 92 112 132 152 172 192 212 232 252 272 292 312 19 39 59 79 99 119 139 159 179 199 219 239 259 279 299 6 26 46 66 86 106 126 146 166 186 206 226 246 266 286 306 13 33 53 73 93 113 133 153 173 193 213 233 253 273 293
0 21 42 63 84 105 126 147 168 189 210 231 252 273 294 2 23 44 65 86 107 128 149 170 191 212 233 254 275 296 4 25 46 67 88 109 130 151 172 193 214 235 256 277 298 6 27 48 69 90 111 132 153 174 195 216 237 258 279 300 8 29 50 71 92 113 134 155 176 197 218 239 260 281 302 10 31 52 73 94 115 136 157 178 199 220 241 262 283 304 12 33 54 75 96 117 138 159 180 201 222 243 264 285 306 14 35 56 77 98 119 140 161 182 203 224 245 266 287 308 16 37 58 79 100 121 142 163 184 205 226 247 268 289 310 18 39 60 81 102 123 144 165 186 207 228 249 270 291 312 20 41 62 83 104 125 146 167 188 209 230 251 272 293 1 22 43 64 85 106 127 148 169 190 211 232 253 274 295 3 24 45 66 87 108 129 150 171 192 213 234 255 276 297 5 26 47 68 89 110 131 152 173 194 215 236 257 278 299 7 28 49 70 91 112 133 154 175 196 217 238 259 280 301 9 30 51 72 93 114 135 156 177 198 219 240 261 282 303 11 32 53 74 95 116 137 158 179 200 221 242 263 284 305 13 34 55 76 97 118 139 160 181 202 223 244 265 286 307 15 36 57 78 99 120 141 162 183 204 225 246 267 288 309 17 38 59 80 101 122 143 164 185 206 227 248 269 290 311 19 40 61 82 103 124 145 166 187 208 229 250 271 292
0 22 44 66 88 110 132 154 176 198 220 242 264 286 308 17 39 61 83 105 127 149 171 193 215 237 259 281 303 12 34 56 78 100 122 144 166 188 210 232 254 276 298 7 29 51 73 95 117 139 161 183 205 227 249 271 293 2 24 46 68 90 112 134 156 178 200 222 244 266 288 310 19 41 63 85 107 129 151 173 195 217 239 261 283 305 14 36 58 80 102 124 146 168 190 212 234 256 278 300 9 31 53 75 97 119 141 163 185 207 229 251 273 295 4 26 48 70 92 114 136 158 180 202 224 246 268 290 312 21 43 65 87 109 131 153 175 197 219 241 263 285 307 16 38 60 82 104 126 148 170 192 214 236 258 280 302 11 33 55 77 99 121 143 165 187 209 231 253 275 297 6 28 50 72 94 116 138 160 182 204 226 248 270 292 1 23 45 67 89 111 133 155 177 199 221 243 265 287 309 18 40 62 84 106 128 150 172 194 216 238 260 282 304 13 35 57 79 101 123 145 167 189 211 233 255 277 299 8 30 52 74 96 118 140 162 184 206 228 250 272 294 3 25 47 69 91 113 135 157 179 201 223 245 267 289 311 20 42 64 86 108 130 152 174 196 218 240 262 284 306 15 37 59 81 103 125 147 169 191 213 235 257 279 301 10 32 54 76 98 120 142 164 186 208 230 252 274 296 5 27 49 71 93 115 137 159 181 203 225 247 269 291
0 23 46 69 92 115 138 161 184 207 230 253 276 299 9 32 55 78 101 124 147 170 193 216 239 262 285 308 18 41 64 87 110 133 156 179 202 225 248 271 294 4 27 50 73 96 119 142 165 188 211 234 257 280 303 13 36 59 82 105 128 151 174 197 220 243 266 289 312 22 45 68 91 114 137 160 183 206 229 252 275 298 8 31 54 77 100 123 146 169 192 215 238 261 284 307 17 40 63 86 109 132 155 178 201 224 247 270 293 3 26 49 72 95 118 141 164 187 210 233 256 279 302 12 35 58 81 104 127 150 173 196 219 242 265 288 311 21 44 67 90 113 136 159 182 205 228 251 274 297 7 30 53 76 99 122 145 168 191 214 237 260 283 306 16 39 62 85 108 131 154 177 200 223 246 269 292 2 25 48 71 94 117 140 163 186 209 232 255 278 301 11 34 57 80 103 126 149 172 195 218 241 264 287 310 20 43 66 89 112 135 158 181 204 227 250 273 296 6 29 52 75 98 121 144 167 190 213 236 259 282 305 15 38 61 84 107 130 153 176 199 222 245 268 291 1 24 47 70 93 116 139 162 185 208 231 254 277 300 10 33 56 79 102 125 148 171 194 217 240 263 286 309 19 42 65 88 111 134 157 180 203 226 249 272 295 5 28 51 74 97 120 143 166 189 212 235 258 281 304 14 37 60 83 106 129 152 175 198 221 244 267 290
0 24 48 72 96 120 144 168 192 216 240 264 288 312 23 47 71 95 119 143 167 191 215 239 263 287 311 22 46 70 94 118 142 166 190 214 238 262 286 310 21 45 69 93 117 141 165 189 213 237 261 285 309 20 44 68 92 116 140 164 188 212 236 260 284 308 19 43 67 91 115 139 163 187 211 235 259 283 307 18 42 66 90 114 138 162 186 210 234 258 282 306 17 41 65 89 113 137 161 185 209 233 257 281 305 16 40 64 88 112 136 160 184 208 232 256 280 304 15 39 63 87 111 135 159 183 207 231 255 279 303 14 38 62 86 110 134 158 182 206 230 254 278 302 13 37 61 85 109 133 157 181 205 229 253 277 301 12 36 60 84 108 132 156 180 204 228 252 276 300 11 35 59 83 107 131 155 179 203 227 251 275 299 10 34 58 82 106 130 154 178 202 226 250 274 298 9 33 57 81 105 129 153 177 201 225 249 273 297 8 32 56 80 104 128 152 176 200 224 248 272 296 7 31 55 79 103 127 151 175 199 223 247 271 295 6 30 54 78 102 126 150 174 198 222 246 270 294 5 29 53 77 101 125 149 173 197 221 245 269 293 4 28 52 76 100 124 148 172 196 220 244 268 292 3 27 51 75 99 123 147 171 195 219 243 267 291 2 26 50 74 98 122 146 170 194 218 242 266 290 1 25 49 73 97 121 145 169 193 217 241 265 289
0 25 50 75 100 125 150 175 200 225 250 275 300 12 37 62 87 112 137 162 187 212 237 262 287 312 24 49 74 99 124 149 174 199 224 249 274 299 11 36 61 86 111 136 161 186 211 236 261 286 311 23 48 73 98 123 148 173 198 223 248 273 298 10 35 60 85 110 135 160 185 210 235 260 285 310 22 47 72 97 122 147 172 197 222 247 272 297 9 34 59 84 109 134 159 184 209 234 259 284 309 21 46 71 96 121 146 171 196 221 246 271 296 8 33 58 83 108 133 158 183 208 233 258 283 308 20 45 70 95 120 145 170 195 220 245 270 295 7 32 57 82 107 132 157 182 207 232 257 282 307 19 44 69 94 119 144 169 194 219 244 269 294 6 31 56 81 106 131 156 181 206 231 256 281 306 18 43 68 93 118 143 168 193 218 243 268 293 5 30 55 80 105 130 155 180 205 230 255 280 305 17 42 67 92 117 142 167 192 217 242 267 292 4 29 54 79 104 129 154 179 204 229 254 279 304 16 41 66 91 116 141 166 191 216 241 266 291 3 28 53 78 103 128 153 178 203 228 253 278 303 15 40 65 90 115 140 165 190 215 240 265 290 2 27 52 77 102 127 152 177 202 227 252 277 302 14 39 64 89 114 139 164 189 214 239 264 289 1 26 51 76 101 126 151 176 201 226 251 276 301 13 38 63 88 113 138 163 188 213 238 263 288
0 26 52 78 104 130 156 182 208 234 260 286 312 25 51 77 103 129 155 181 207 233 259 285 311 24 50 76 102 128 154 180 206 232 258 284 310 23 49 75 101 127 153 179 205 231 257 283 309 22 48 74 100 126 152 178 204 230 256 282 308 21 47 73 99 125 151 177 203 229 255 281 307 20 46 72 98 124 150 176 202 228 254 280 306 19 45 71 97 123 149 175 201 227 253 279 305 18 44 70 96 122 148 174 200 226 252 278 304 17 43 69 95 121 147 173 199 225 251 277 303 16 42 68 94 120 146 172 198 224 250 276 302 15 41 67 93 119 145 171 197 223 249 275 301 14 40 66 92 118 144 170 196 222 248 274 300 13 39 65 91 117 143 169 195 221 247 273 299 12 38 64 90 116 142 168 194 220 246 272 298 11 37 63 89 115 141 167 193 219 245 271 297 10 36 62 88 114 140 166 192 218 244 270 296 9 35 61 87 113 139 165 191 217 243 269 295 8 34 60 86 112 138 164 190 216 242 268 294 7 33 59 85 111 137 163 189 215 241 267 293 6 32 58 84 110 136 162 188 214 240 266 292 5 31 57 83 109 135 161 187 213 239 265 291 4 30 56 82 108 134 160 186 212 238 264 290 3 29 55 81 107 133 159 185 211 237 263 289 2 28 54 80 106 132 158 184 210 236 262 288 1 27 53 79 105 131 157 183 209 235 261 287
0 27 54 81 108 135 162 189 216 243 270 297 11 38 65 92 119 146 173 200 227 254 281 308 22 49 76 103 130 157 184 211 238 265 292 6 33 60 87 114 141 168 195 222 249 276 303 17 44 71 98 125 152 179 206 233 260 287 1 28 55 82 109 136 163 190 217 244 271 298 12 39 66 93 120 147 174 201 228 255 282 309 23 50 77 104 131 158 185 212 239 266 293 7 34 61 88 115 142 169 196 223 250 277 304 18 45 72 99 126 153 180 207 234 261 288 2 29 56 83 110 137 164 191 218 245 272 299 13 40 67 94 121 148 175 202 229 256 283 310 24 51 78 105 132 159 186 213 240 267 294 8 35 62 89 116 143 170 197 224 251 278 305 19 46 73 100 127 154 181 208 235 262 289 3 30 57 84 111 138 165 192 219 246 273 300 14 41 68 95 122 149 176 203 230 257 284 311 25 52 79 106 133 160 187 214 241 268 295 9 36 63 90 117 144 171 198 225 252 279 306 20 47 74 101 128 155 182 209 236 263 290 4 31 58 85 112 139 166 193 220 247 274 301 15 42 69 96 123 150 177 204 231 258 285 312 26 53 80 107 134 161 188 215 242 269 296 10 37 64 91 118 145 172 199 226 253 280 307 21 48 75 102 129 156 183 210 237 264 291 5 32 59 86 113 140 167 194 221 248 275 302 16 43 70 97 124 151 178 205 232 259 286
0 28 56 84 112 140 168 196 224 252 280 308 23 51 79 107 135 163 191 219 247 275 303 18 46 74 102 130 158 186 214 242 270 298 13 41 69 97 125 153 181 209 237 265 293 8 36 64 92 120 148 176 204 232 260 288 3 31 59 87 115 143 171 199 227 255 283 311 26 54 82 110 138 166 194 222 250 278 306 21 49 77 105 133 161 189 217 245 273 301 16 44 72 100 128 156 184 212 240 268 296 11 39 67 95 123 151 179 207 235 263 291 6 34 62 90 118 146 174 202 230 258 286 1 29 57 85 113 141 169 197 225 253 281 309 24 52 80 108 136 164 192 220 248 276 304 19 47 75 103 131 159 187 215 243 271 299 14 42 70 98 126 154 182 210 238 266 294 9 37 65 93 121 149 177 205 233 261 289 4 32 60 88 116 144 172 200 228 256 284 312 27 55 83 111 139 167 195 223 251 279 307 22 50 78 106 134 162 190 218 246 274 302 17 45 73 101 129 157 185 213 241 269 297 12 40 68 96 124 152 180 208 236 264 292 7 35 63 91 119 147 175 203 231 259 287 2 30 58 86 114 142 170 198 226 254 282 310 25 53 81 109 137 165 193 221 249 277 305 20 48 76 104 132 160 188 216 244 272 300 15 43 71 99 127 155 183 211 239 267 295 10 38 66 94 122 150 178 206 234 262 290 5 33 61 89 117 145 173 201 229 257 285
0 29 58 87 116 145 174 203 232 261 290 6 35 64 93 122 151 180 209 238 267 296 12 41 70 99 128 157 186 215 244 273 302 18 47 76 105 134 163 192 221 250 279 308 24 53 82 111 140 169 198 227 256 285 1 30 59 88 117 146 175 204 233 262 291 7 36 65 94 123 152 181 210 239 268 297 13 42 71 100 129 158 187 216 245 274 303 19 48 77 106 135 164 193 222 251 280 309 25 54 83 112 141 170 199 228 257 286 2 31 60 89 118 147 176 205 234 263 292 8 37 66 95 124 153 182 211 240 269 298 14 43 72 101 130 159 188 217 246 275 304 20 49 78 107 136 165 194 223 252 281 310 26 55 84 113 142 171 200 229 258 287 3 32 61 90 119 148 177 206 235 264 293 9 38 67 96 125 154 183 212 241 270 299 15 44 73 102 131 160 189 218 247 276 305 21 50 79 108 137 166 195 224 253 282 311 27 56 85 114 143 172 201 230 259 288 4 33 62 91 120 149 178 207 236 265 294 10 39 68 97 126 155 184 213 242 271 300 16 45 74 103 132 161 190 219 248 277 306 22 51 80 109 138 167 196 225 254 283 312 28 57 86 115 144 173 202 231 260 289 5 34 63 92 121 150 179 208 237 266 295 11 40 69 98 127 156 185 214 243 272 301 17 46 75 104 133 162 191 220 249 278 307 23 52 81 110 139 168 197 226 255 284
0 30 60 90 120 150 180 210 240 270 300 17 47 77 107 137 167 197 227 257 287 4 34 64 94 124 154 184 214 244 274 304 21 51 81 111 141 171 201 231 261 291 8 38 68 98 128 158 188 218 248 278 308 25 55 85 115 145 175 205 235 265 295 12 42 72 102 132 162 192 222 252 282 312 29 59 89 119 149 179 209 239 269 299 16 46 76 106 136 166 196 226 256 286 3 33 63 93 123 153 183 213 243 273 303 20 50 80 110 140 170 200 230 260 290 7 37 67 97 127 157 187 217 247 277 307 24 54 84 114 144 174 204 234 264 294 11 41 71 101 131 161 191 221 251 281 311 28 58 88 118 148 178 208 238 268 298 15 45 75 105 135 165 195 225 255 285 2 32 62 92 122 152 182 212 242 272 302 19 49 79 109 139 169 199 229 259 289 6 36 66 96 126 156 186 216 246 276 306 23 53 83 113 143 173 203 233 263 293 10 40 70 100 130 160 190 220 250 280 310 27 57 87 117 147 177 207 237 267 297 14 44 74 104 134 164 194 224 254 284 1 31 61 91 121 151 181 211 241 271 301 18 48 78 108 138 168 198 228 258 288 5 35 65 95 125 155 185 215 245 275 305 22 52 82 112 142 172 202 232 262 292 9 39 69 99 129 159 189 219 249 279 309 26 56 86 116 146 176 206 236 266 296 13 43 73 103 133 163 193 223 253 283
0 31 62 93 124 155 186 217 248 279 310 28 59 90 121 152 183 214 245 276 307 25 56 87 118 149 180 211 242 273 304 22 53 84 115 146 177 208 239 270 301 19 50 81 112 143 174 205 236 267 298 16 47 78 109 140 171 202 233 264 295 13 44 75 106 137 168 199 230 261 292 10 41 72 103 134 165 196 227 258 289 7 38 69 100 131 162 193 224 255 286 4 35 66 97 128 159 190 221 252 283 1 32 63 94 125 156 187 218 249 280 311 29 60 91 122 153 184 215 246 277 308 26 57 88 119 150 181 212 243 274 305 23 54 85 116 147 178 209 240 271 302 20 51 82 113 144 175 206 237 268 299 17 48 79 110 141 172 203 234 265 296 14 45 76 107 138 169 200 231 262 293 11 42 73 104 135 166 197 228 259 290 8 39 70 101 132 163 194 225 256 287 5 36 67 98 129 160 191 222 253 284 2 33 64 95 126 157 188 219 250 281 312 30 61 92 123 154 185 216 247 278 309 27 58 89 120 151 182 213 244 275 306 24 55 86 117 148 179 210 241 272 303 21 52 83 114 145 176 207 238 269 300 18 49 80 111 142 173 204 235 266 297 15 46 77 108 139 170 201 232 263 294 12 43 74 105 136 167 198 229 260 291 9 40 71 102 133 164 195 226 257 288 6 37 68 99 130 161 192 223 254 285 3 34 65 96 127 158 189 220 251 282
0 32 64 96 128 160 192 224 256 288 7 39 71 103 135 167 199 231 263 295 14 46 78 110 142 174 206 238 270 302 21 53 85 117 149 181 213 245 277 309 28 60 92 124 156 188 220 252 284 3 35 67 99 131 163 195 227 259 291 10 42 74 106 138 170 202 234 266 298 17 49 81 113 145 177 209 241 273 305 24 56 88 120 152 184 216 248 280 312 31 63 95 127 159 191 223 255 287 6 38 70 102 134 166 198 230 262 294 13 45 77 109 141 173 205 237 269 301 20 52 84 116 148 180 212 244 276 308 27 59 91 123 155 187 219 251 283 2 34 66 98 130 162 194 226 258 290 9 41 73 105 137 169 201 233 265 297 16 48 80 112 144 176 208 240 272 304 23 55 87 119 151 183 215 247 279 311 30 62 94 126 158 190 222 254 286 5 37 69 101 133 165 197 229 261 293 12 44 76 108 140 172 204 236 268 300 19 51 83 115 147 179 211 243 275 307 26 58 90 122 154 186 218 250 282 1 33 65 97 129 161 193 225 257 289 8 40 72 104 136 168 200 232 264 296 15 47 79 111 143 175 207 239 271 303 22 54 86 118 150 182 214 246 278 310 29 61 93 125 157 189 221 253 285 4 36 68 100 132 164 196 228 260 292 11 43 75 107 139 171 203 235 267 299 18 50 82 114 146 178 210 242 274 306 25 57 89 121 153 185 217 249 281
0 33 66 99 132 165 198 231 264 297 17 50 83 116 149 182 215 248 281 1 34 67 100 133 166 199 232 265 298 18 51 84 117 150 183 216 249 282 2 35 68 101 134 167 200 233 266 299 19 52 85 118 151 184 217 250 283 3 36 69 102 135 168 201 234 267 300 20 53 86 119 152 185 218 251 284 4 37 70 103 136 169 202 235 268 301 21 54 87 120 153 186 219 252 285 5 38 71 104 137 170 203 236 269 302 22 55 88 121 154 187 220 253 286 6 39 72 105 138 171 204 237 270 303 23 56 89 122 155 188 221 254 287 7 40 73 106 139 172 205 238 271 304 24 57 90 123 156 189 222 255 288 8 41 74 107 140 173 206 239 272 305 25 58 91 124 157 190 223 256 289 9 42 75 108 141 174 207 240 273 306 26 59 92 125 158 191 224 257 290 10 43 76 109 142 175 208 241 274 307 27 60 93 126 159 192 225 258 291 11 44 77 110 143 176 209 242 275 308 28 61 94 127 160 193 226 259 292 12 45 78 111 144 177 210 243 276 309 29 62 95 128 161 194 227 260 293 13 46 79 112 145 178 211 244 277 310 30 63 96 129 162 195 228 261 294 14 47 80 113 146 179 212 245 278 311 31 64 97 130 163 196 229 262 295 15 48 81 114 147 180 213 246 279 312 32 65 98 131 164 197 230 263 296 16 49 82 115 148 181 214 247 280
0 34 68 102 136 170 204 238 272 306 27 61 95 129 163 197 231 265 299 20 54 88 122 156 190 224 258 292 13 47 81 115 149 183 217 251 285 6 40 74 108 142 176 210 244 278 312 33 67 101 135 169 203 237 271 305 26 60 94 128 162 196 230 264 298 19 53 87 121 155 189 223 257 291 12 46 80 114 148 182 216 250 284 5 39 73 107 141 175 209 243 277 311 32 66 100 134 168 202 236 270 304 25 59 93 127 161 195 229 263 297 18 52 86 120 154 188 222 256 290 11 45 79 113 147 181 215 249 283 4 38 72 106 140 174 208 242 276 310 31 65 99 133 167 201 235 269 303 24 58 92 126 160 194 228 262 296 17 51 85 119 153 187 221 255 289 10 44 78 112 146 180 214 248 282 3 37 71 105 139 173 207 241 275 309 30 64 98 132 166 200 234 268 302 23 57 91 125 159 193 227 261 295 16 50 84 118 152 186 220 254 288 9 43 77 111 145 179 213 247 281 2 36 70 104 138 172 206 240 274 308 29 63 97 131 165 199 233 267 301 22 56 90 124 158 192 226 260 294 15 49 83 117 151 185 219 253 287 8 42 76 110 144 178 212 246 280 1 35 69 103 137 171 205 239 273 307 28 62 96 130 164 198 232 266 300 21 55 89 123 157 191 225 259 293 14 48 82 116 150 184 218 252 286 7 41 75 109 143 177 211 245 279
